%YAML:1.0
mex_id_type_d: !!opencv-object-detector-hog
   winSize: [ 128, 80 ]
   blockSize: [ 16, 16 ]
   blockStride: [ 8, 8 ]
   cellSize: [ 8, 8 ]
   nbins: 9
   derivAperture: 1
   winSigma: 4.
   histogramNormType: 0
   L2HysThreshold: 2.0000000000000001e-01
   gammaCorrection: 1
   nlevels: 64
   signedGradient: 0
   SVMDetector: [ -5.94939571e-03, -1.27829118e-02, 1.87713734e-03,
       1.49082365e-02, 4.47148047e-02, -2.70754634e-03, -8.94319173e-03,
       -3.20622907e-03, 8.15658271e-03, 6.36503100e-03, 4.06519603e-03,
       2.37484779e-02, 8.32147524e-03, 2.57663298e-02, -1.74690615e-02,
       1.38948690e-02, 2.36698464e-02, 5.04312105e-03, -2.07063705e-02,
       -8.77252780e-03, 1.53627163e-02, 1.34994974e-02, 9.64809675e-03,
       -5.10197319e-03, -5.24593168e-04, -1.05751129e-02,
       -6.30894490e-03, 7.01422151e-03, 2.97445301e-02, 5.16345650e-02,
       6.56451192e-03, 3.71741578e-02, 5.55545511e-03, 9.51957423e-03,
       1.03386166e-02, 6.91148126e-03, 3.53206927e-03, -1.65175851e-02,
       -1.75307330e-03, 1.24393832e-02, 2.73859291e-03, -1.90703887e-02,
       1.21852169e-02, 1.25923008e-02, 5.05983457e-03, 2.53306534e-02,
       3.06924097e-02, 2.03985665e-02, -6.68683508e-03, -8.63459986e-03,
       -2.68353485e-02, 4.39638272e-03, 2.99571920e-02, 2.77877674e-02,
       1.07934186e-02, -1.26537317e-02, 5.85384620e-03, 1.07223056e-02,
       -4.62468335e-04, 1.75549220e-02, -2.88001145e-03, -6.27516583e-03,
       -1.11951083e-02, 2.95008980e-02, -2.75310292e-03, -1.73237734e-02,
       -5.45293966e-04, 1.38407368e-02, 3.08679207e-03, 1.28578041e-02,
       3.68590951e-02, 2.84288358e-02, 5.05691729e-02, 2.47254819e-02,
       1.27578750e-02, -2.34360192e-02, -3.46074812e-02, -2.98415162e-02,
       -1.08972862e-02, 1.62162874e-02, 6.30282983e-02, 4.36876044e-02,
       4.48157452e-02, -1.63006887e-03, -1.30256563e-02, -5.75082144e-03,
       -3.39743495e-02, -8.76217429e-03, 2.27104053e-02, 5.38519248e-02,
       8.01064540e-03, 1.48688750e-02, -1.04927756e-02, -4.92260009e-02,
       -2.33101603e-02, -8.36856384e-03, 2.26780139e-02, 2.39808150e-02,
       1.51432138e-02, -2.95888493e-03, 9.41105280e-03, -1.09355757e-02,
       -9.14451480e-03, 1.77266635e-02, -1.39273424e-02, -1.88782904e-02,
       -9.64017957e-03, -2.23804135e-02, 1.29847722e-02, 2.76020868e-03,
       -5.71935554e-04, 4.66240896e-03, 3.64121678e-03, -1.91110093e-02,
       -3.17099434e-03, 1.31246233e-02, 2.06611399e-02, 3.36294025e-02,
       7.95778539e-03, -7.66779622e-03, -1.50919156e-02, -2.82795988e-02,
       -8.99709947e-03, -7.52715301e-03, 1.54835992e-02, 2.33600326e-02,
       -9.69804544e-03, -4.68997663e-04, -9.72518791e-03, 1.30118988e-02,
       -8.34428705e-03, -2.92153307e-03, -5.87488816e-04,
       -2.41382793e-03, -3.00765429e-02, 2.54186373e-02, 1.26306508e-02,
       3.46396328e-03, 8.51458218e-03, 3.23473918e-03, 2.99536297e-03,
       1.30652087e-02, 7.79399555e-03, 2.27638651e-02, 4.79447022e-02,
       -1.82607479e-03, -1.20463045e-02, -2.26364359e-02,
       -1.87395830e-02, 3.81348003e-03, -1.10093725e-03, 8.76194518e-03,
       2.94599794e-02, 8.18214938e-03, 1.51574584e-02, -1.55064389e-02,
       -8.37006792e-03, -5.78101957e-04, 2.28279430e-04, -2.49652993e-02,
       2.31163134e-03, -2.16239900e-03, 4.13881354e-02, 1.89382192e-02,
       1.16535313e-02, -1.62590761e-02, -2.05268282e-02, 6.63001277e-03,
       4.61556436e-03, -3.11858137e-03, 1.45559972e-02, 1.35706719e-02,
       3.14897820e-02, 1.15269944e-02, -7.82424957e-03, -5.47870807e-03,
       1.32109011e-02, 1.76452461e-03, -4.98916721e-03, 1.35640672e-03,
       2.47567389e-02, 7.38034677e-03, -1.36990808e-02, -7.55830063e-03,
       1.66026894e-02, -5.77178970e-03, -2.63265520e-02, 9.78884287e-03,
       8.68310593e-03, -7.82272406e-03, 2.26526316e-02, -8.61220155e-03,
       5.94559591e-03, 9.25541669e-03, -3.65765626e-03, -4.02338477e-03,
       2.34733671e-02, 1.98095143e-02, 3.28636658e-03, 1.05039333e-03,
       1.46525297e-02, -7.78296683e-03, -3.31265270e-03, 1.35742174e-02,
       4.07485757e-03, 3.47993663e-03, -6.39133505e-04, 1.05492426e-02,
       5.68049029e-03, 3.57571431e-03, 1.25623886e-02, 1.29860193e-02,
       -2.30864109e-03, 3.62446212e-04, 2.07178611e-02, 2.03716420e-02,
       1.00996140e-02, 1.22490190e-02, -1.17052896e-02, 1.16148358e-02,
       -1.43130133e-02, -7.19288038e-03, -1.49468686e-02,
       -4.37962078e-03, 1.69484839e-02, 3.81074427e-03, 1.94253866e-02,
       -6.95641479e-03, 5.40234568e-03, -2.19061077e-02, 2.10215151e-03,
       -2.58069602e-03, -5.51360426e-03, 8.27721786e-03, 1.24696922e-02,
       -2.95343460e-03, 2.99508846e-03, 2.52164323e-02, -9.99781117e-03,
       7.03470362e-03, -1.25247659e-02, 5.81224263e-03, 1.74103901e-02,
       2.22564396e-02, 1.27452100e-02, 1.23117417e-02, -1.82930436e-02,
       -1.59081090e-02, 2.00279802e-03, -1.71248727e-02, -1.31482184e-02,
       7.48743815e-03, 1.73352342e-02, -7.30828429e-03, -1.44255357e-02,
       -2.16024066e-03, 5.94426366e-03, -1.48868188e-03, 3.89523292e-03,
       2.08404269e-02, 3.54168974e-02, 7.37477560e-03, 3.91941378e-03,
       -8.61126650e-03, -1.87341776e-02, -9.49494634e-03,
       -9.92148183e-03, 4.48657200e-03, 2.04452276e-02, 2.12451238e-02,
       2.84465142e-02, 2.91600800e-03, 1.88711919e-02, 7.07399915e-04,
       2.41684504e-02, 1.36746671e-02, 1.62291769e-02, 8.41660332e-03,
       2.95713637e-02, -2.78125461e-02, 9.31124855e-03, 7.71734305e-03,
       -3.09446384e-03, 9.63759050e-03, -3.27726975e-02, -8.63862038e-03,
       4.81163571e-03, 7.58669153e-03, 3.71849909e-02, 2.23161280e-02,
       -1.73916444e-02, -4.36895713e-03, -2.24945676e-02, 8.55425838e-03,
       -1.05031468e-02, 1.58412789e-03, 4.69626971e-02, 4.00668457e-02,
       7.08327303e-03, 4.47195343e-04, 3.47867906e-02, -6.89107343e-04,
       1.01436395e-02, -4.82834019e-02, -2.52787420e-03, 5.10913134e-02,
       -2.40771342e-02, 1.67514617e-03, -1.57246403e-02, -6.73584524e-04,
       1.77215207e-02, -2.22202633e-02, -3.11540370e-03, -5.61092701e-03,
       -3.36285890e-03, 7.37840170e-03, -1.70125533e-02, -2.73989863e-03,
       1.39954407e-02, -1.67125445e-02, -1.94664542e-02, -2.03974564e-02,
       -3.56766977e-03, 1.31820338e-02, 2.12068856e-03, -1.16476528e-02,
       1.23408623e-02, 9.95087670e-04, 4.04348742e-04, 4.86485939e-03,
       -1.12079848e-02, -2.25921348e-02, -3.42683808e-04,
       -9.63608827e-03, 1.12382667e-02, 2.77312342e-02, -1.82333365e-02,
       -2.54453104e-02, 1.66938175e-04, 2.20675543e-02, 1.32350875e-02,
       -9.58981644e-03, -1.31906960e-02, -2.87252432e-03, 1.91398486e-02,
       -8.59423453e-05, -8.02344736e-03, 4.19997424e-02, 1.03358105e-02,
       1.19690131e-02, -1.43938754e-02, -1.54404035e-02, -5.79542154e-03,
       3.03527564e-02, -5.02220634e-03, -1.44713502e-02, -9.18726437e-03,
       2.08721776e-02, 4.13398817e-02, -1.71435717e-03, -1.88149512e-02,
       -1.20900692e-02, 1.18683570e-03, -1.06310798e-03, 1.00908391e-02,
       2.82101054e-02, 6.29201755e-02, 3.51364799e-02, -6.26229867e-03,
       -6.46320824e-03, -2.66351691e-03, -7.23590376e-03,
       -5.78719832e-04, -4.68837470e-03, 5.61393658e-03, 4.11288664e-02,
       1.10929888e-02, -1.74386834e-03, -2.68066023e-02, -4.18182259e-04,
       4.04598191e-02, 1.30370380e-02, -1.98426265e-02, 2.39476040e-02,
       2.76151225e-02, 4.62317578e-02, 8.55942257e-03, -2.58666128e-02,
       1.39012709e-02, 6.34014234e-03, 4.16962057e-03, -3.37216351e-03,
       2.72195973e-02, 3.01981135e-03, 1.03970505e-02, -5.58065344e-03,
       -2.17492133e-02, -4.37634764e-03, -7.78393820e-04,
       -3.04353647e-02, 2.29398012e-02, 8.17090366e-03, 2.26920061e-02,
       1.35621391e-02, -2.92507261e-02, 4.31390246e-03, -7.85974413e-03,
       -9.63099301e-03, -4.93992213e-03, 3.04675419e-02, 1.53935859e-02,
       -4.17864276e-03, -2.23892275e-02, -4.97834524e-03,
       -4.65057902e-02, -6.27324078e-03, 3.21673299e-03, 4.66036750e-03,
