%YAML:1.0
mex_id_type_d_back: !!opencv-object-detector-hog
   winSize: [ 128, 80 ]
   blockSize: [ 16, 16 ]
   blockStride: [ 8, 8 ]
   cellSize: [ 8, 8 ]
   nbins: 9
   derivAperture: 1
   winSigma: 4.
   histogramNormType: 0
   L2HysThreshold: 2.0000000000000001e-01
   gammaCorrection: 1
   nlevels: 64
   signedGradient: 0
   SVMDetector: [ -3.19915824e-02, -1.04076397e-02, 9.04946402e-03,
       -2.93789199e-03, -2.35480871e-02, -9.65169910e-03,
       -2.33397149e-02, -1.76873840e-02, -1.01363966e-02, 5.17919427e-03,
       -4.15815134e-03, -7.02603161e-03, -5.82094444e-03, 5.85314445e-03,
       1.46217328e-02, 1.93853036e-03, -5.88422595e-03, 4.12191786e-02,
       7.13756250e-04, -1.08027924e-02, 2.05974784e-02, 6.08223141e-04,
       1.68708917e-02, 1.81599651e-02, -1.00103980e-02, -2.35777143e-02,
       3.48521098e-02, 3.75736807e-03, -4.55225073e-03, 2.10171062e-02,
       -6.57090219e-03, 2.09958069e-02, 1.46233886e-02, -2.19307393e-02,
       -7.49999704e-03, 4.35910933e-02, 1.36479326e-02, -1.91444084e-02,
       -1.68835875e-02, -3.63467224e-02, -3.44982892e-02,
       -1.59687214e-02, -1.60553120e-02, -2.67418846e-02, 8.81399610e-04,
       1.38399722e-02, -2.50002537e-02, -2.67556440e-02, -3.13799642e-02,
       -3.34974416e-02, -2.94457003e-02, -3.04941125e-02,
       -4.09621857e-02, -1.49712861e-02, 1.62033606e-02, -2.24681348e-02,
       -3.36244628e-02, -5.11966273e-02, -4.09981944e-02,
       -3.42132188e-02, -3.93604822e-02, -2.88211796e-02, 3.67228761e-02,
       1.90356057e-02, 2.62187561e-04, -2.84160916e-02, -8.86132289e-03,
       -3.43765058e-02, -5.76943671e-03, -1.21211531e-02,
       -6.88760728e-03, 1.37594156e-02, 2.98653338e-02, -1.39982766e-02,
       2.48071644e-03, 1.17494445e-02, -9.23516229e-03, -1.35069136e-02,
       -9.70238168e-03, -2.71119904e-02, 1.99034940e-02, 3.29704373e-03,
       -4.76055108e-02, -1.01447525e-03, 8.64765141e-03, -6.45038579e-03,
       4.68522916e-03, 2.59321351e-02, -8.00431892e-03, -8.63379240e-03,
       3.15640382e-02, -1.13087483e-02, -1.98352914e-02, 1.84326209e-02,
       -9.75292455e-03, -9.43346135e-03, -1.70479789e-02,
       -2.30854973e-02, 3.59030552e-02, 4.16656863e-03, -2.18665861e-02,
       -1.98074114e-02, -5.99030918e-03, -6.47420820e-04,
       -9.19809099e-03, 4.81445063e-03, -3.14264465e-03, -6.80789212e-03,
       5.01069501e-02, 2.20651217e-02, 3.56186777e-02, 5.22085689e-02,
       -1.32288039e-02, -9.92170535e-03, 2.78799981e-02, 8.27316381e-03,
       2.64496543e-02, 4.55770083e-02, 1.82566990e-03, -1.70451473e-03,
       1.16707487e-02, -1.22808048e-03, -1.18458131e-02, 1.08907152e-04,
       -2.87477160e-03, 1.30066201e-02, -8.01952556e-03, -1.11521455e-03,
       -1.71164833e-02, 1.76334437e-02, -3.27108428e-02, -3.19127813e-02,
       1.33051910e-02, 8.87503102e-03, -2.98629440e-02, -1.61689036e-02,
       -2.84169475e-03, -8.13576672e-03, 3.14611499e-03, -2.23051701e-02,
       -3.10918111e-02, 4.44003614e-03, -5.47079556e-03, 1.01382216e-03,
       7.12876618e-02, 4.03620582e-03, -7.52767315e-04, 1.81471519e-02,
       2.92875688e-03, -3.51174152e-03, 2.32343394e-02, 1.52510349e-02,
       4.81789745e-02, 8.99038464e-03, -3.61357303e-03, 9.49212536e-03,
       2.23026220e-02, -7.97468144e-03, 4.20759954e-02, 2.08109729e-02,
       3.88244912e-02, 4.44638208e-02, 2.24106642e-03, 9.47061833e-03,
       -1.13972081e-02, -1.09460568e-02, -1.53321531e-02,
       -1.55543853e-02, 2.81628524e-03, -1.05139771e-02, 9.97570995e-03,
       -1.04234088e-02, -2.56578834e-03, -7.47474376e-03, 1.18049898e-03,
       -5.05194813e-02, -2.54159812e-02, 2.65592523e-03, -2.31442484e-03,
       -1.04899947e-02, -1.81307979e-02, -1.63998967e-03, 1.03509463e-02,
       -9.94391181e-03, -1.65433511e-02, 5.72912656e-02, 4.18709498e-03,
       2.23284569e-02, -8.55134893e-03, 6.42796792e-03, -5.59207518e-03,
       9.70968511e-03, 6.67244243e-03, 9.43261757e-03, 2.16619521e-02,
       -2.69560679e-03, 1.97728183e-02, 2.16221977e-02, -2.26700567e-02,
       9.85716749e-03, 3.33309756e-03, -1.39436331e-02, -4.69419453e-03,
       -9.84183629e-04, -4.05705534e-03, 3.17555200e-03, -4.43517556e-03,
       1.59301311e-02, -1.19034643e-03, 7.08341226e-03, 4.27200040e-03,
       -9.26441234e-03, 1.42528787e-02, -1.13833891e-02, -1.27746519e-02,
       1.67959165e-02, -3.36039588e-02, -1.50165707e-02, 1.94941331e-02,
       -2.58947704e-02, -3.04693468e-02, 4.56934702e-03, 6.64048176e-03,
       -1.03104487e-02, -2.83886469e-03, 2.24636099e-03, -1.91586986e-02,
       2.13044658e-02, -1.02979383e-02, -1.40035050e-02, -9.80147999e-03,
       1.36505570e-02, 6.07776036e-03, 1.35086617e-02, 1.25410613e-02,
       -3.92442085e-02, 4.95727756e-04, -2.62366533e-02, 2.63296142e-02,
       -1.04234461e-03, 6.69862051e-03, -2.00198106e-02, 2.78664976e-02,
       3.42867114e-02, -1.75097808e-02, 4.44061705e-04, -4.22566052e-04,
       4.27227467e-03, 1.67065870e-03, 2.23094504e-03, -1.94496997e-02,
       2.01825295e-02, -1.95911359e-02, -3.64103005e-03, 1.20601067e-02,
       1.57556273e-02, -1.18959474e-03, 5.82672050e-03, 2.71611270e-02,
       1.51294982e-04, 5.61641390e-03, -2.48173699e-02, -2.62941904e-02,
       1.17275296e-02, 1.31894266e-02, -2.84148920e-02, 1.25448371e-03,
       2.07958315e-02, 5.50254574e-03, -1.09808985e-02, 3.17475386e-02,
       4.54440294e-03, -1.69605808e-03, 1.36787519e-02, 1.70926470e-02,
       9.90850036e-04, 6.38297992e-03, 2.43989611e-03, 3.98431085e-02,
       2.45310105e-02, -1.08588664e-02, -1.20562157e-02, 2.19491241e-03,
       -3.83156836e-02, -1.66994371e-02, 3.67516768e-03, 4.35732678e-03,
       6.03587553e-03, -7.19954958e-03, -7.73292268e-04, 2.28737630e-02,
       1.26551902e-02, -3.29737552e-02, 1.36948992e-02, 1.95586421e-02,
       1.61647275e-02, -1.26409428e-02, -1.85952559e-02, 1.65548883e-02,
       3.57385762e-02, 2.41800267e-02, -2.54787505e-02, 2.05721930e-02,
       -6.79796794e-03, 9.57056321e-03, -2.08457746e-02, 1.81698240e-02,
       1.14121092e-02, -7.16013974e-03, 7.79771013e-03, -2.87051871e-02,
       6.92275306e-03, 4.45934758e-03, 6.05546869e-03, -1.00072278e-02,
       4.05543105e-04, -4.98194294e-03, 7.65683455e-03, -1.33302705e-02,
       -3.03185219e-03, 6.75737811e-03, 4.26051347e-03, 2.44172439e-02,
       -1.47664044e-02, -1.26379123e-02, -2.87396647e-02, 1.16795972e-02,
       -5.82391443e-03, 3.69867054e-03, 2.72500198e-02, -7.68679008e-03,
       -1.56110320e-02, 1.04222093e-02, -5.14750555e-03, -2.33991947e-02,
       6.34152070e-03, -1.27681124e-03, 1.57607477e-02, 2.12994032e-02,
       1.28582341e-03, 1.24704950e-02, 2.60341614e-02, 1.89995451e-03,
       -4.15753499e-02, 5.48433466e-03, 4.35086014e-03, -2.59461235e-02,
       2.54026093e-02, -9.62237455e-03, -2.31148880e-02, -1.46116056e-02,
       1.45644704e-02, -4.14200418e-04, 1.78339984e-02, 2.03105565e-02,
       3.61791666e-04, 9.78376344e-03, 2.79775485e-02, 1.85024310e-02,
       7.49552203e-03, 3.50063643e-03, 8.95587087e-04, 1.67581951e-03,
       -5.60842047e-04, -3.79605517e-02, 1.04327174e-02, 6.30754698e-03,
       -1.84417644e-03, 2.03434415e-02, -4.89665149e-03, 2.22307295e-02,
       -7.29627209e-03, 1.21443244e-02, -4.26974073e-02, 2.12327018e-02,
       1.29508777e-02, 9.12453327e-03, 9.25731729e-04, -1.26963248e-02,
       -8.37644842e-03, 1.85243599e-02, 3.58343427e-03, -2.51558907e-02,
       1.17979599e-02, 3.39825749e-02, -2.74446374e-03, 8.48338939e-03,
       1.96316489e-03, 1.37036352e-03, 1.43185686e-02, 8.03589879e-04,
       -3.69150974e-02, 1.55547112e-02, 3.03879846e-02, 1.61849242e-02,
       1.44240204e-02, 6.17274921e-03, 1.66677833e-02, 1.08880019e-02,
       1.93869788e-02, -1.78257469e-02, 6.61954423e-03, 4.98964591e-03,
       1.52879884e-03, 1.59981363e-02, -2.24362202e-02, 3.80686746e-04,
       3.71665414e-03, 1.56689424e-03, 2.43375767e-02, -7.10652908e-04,
       5.01123630e-03, 5.93880937e-03, 1.75749778e-03, 6.91231980e-04,
       2.23273654e-02, 1.42708831e-02, 5.71839744e-03, -4.06216346e-02,
