%YAML:1.0
mex_id_type_b: !!opencv-object-detector-hog
   winSize: [ 128, 80 ]
   blockSize: [ 16, 16 ]
   blockStride: [ 8, 8 ]
   cellSize: [ 8, 8 ]
   nbins: 9
   derivAperture: 1
   winSigma: 4.
   histogramNormType: 0
   L2HysThreshold: 2.0000000000000001e-01
   gammaCorrection: 1
   nlevels: 64
   signedGradient: 0
   SVMDetector: [ 1.92726385e-02, 3.43560963e-03, 2.37251744e-02,
       1.86275989e-02, -9.04188026e-03, -4.13612695e-03, -8.55241064e-03,
       -4.53079678e-03, 8.25562794e-03, 4.15575728e-02, 1.76981557e-02,
       1.04595907e-02, -2.19590459e-02, -2.56194305e-02, -1.40750837e-02,
       1.00202411e-02, -2.77598109e-03, 4.03192267e-02, -5.45496913e-03,
       2.89645828e-02, 4.02347669e-02, 1.76810455e-02, -3.90886590e-02,
       -3.69578460e-03, -2.41604224e-02, -1.70678794e-02, 3.61777446e-03,
       1.10989818e-02, 7.69339362e-03, 4.21022326e-02, 6.04607980e-04,
       -1.87077820e-02, 2.71726656e-03, 1.33391265e-02, 3.05505493e-03,
       8.06372613e-03, 2.66376249e-02, -1.58605855e-02, -7.84918666e-03,
       -2.66583599e-02, -5.44598512e-02, -3.46364230e-02, 1.42835267e-02,
       -1.08964061e-02, 4.14191373e-02, -1.81527026e-02, -4.44252528e-02,
       -3.26964352e-03, -1.32654409e-03, 4.14633803e-04, -2.75451057e-02,
       1.69422477e-02, -6.24189526e-03, 2.89972723e-02, -1.52801778e-02,
       -1.84859596e-02, -3.51813762e-03, -1.37831392e-02,
       -3.29116061e-02, 4.24218830e-03, 2.31206231e-02, 1.39816590e-02,
       1.09525789e-02, -2.86978912e-02, -2.36626323e-02, -1.84649657e-02,
       1.87794305e-02, 2.75669862e-02, 1.83091145e-02, 3.02295592e-02,
       -1.69507526e-02, -1.62710696e-02, -3.26702967e-02,
       -2.89775059e-02, -1.33043865e-03, 1.82669028e-03, -6.79480843e-03,
       -3.66496406e-02, 2.10078340e-02, -8.76422413e-03, -3.70788686e-02,
       4.78476402e-04, -4.49964171e-03, -3.11334035e-03, 2.77319439e-02,
       -6.64372463e-03, 1.08918743e-02, -5.40516339e-03, -2.11905707e-02,
       7.49609317e-04, -1.16323996e-02, -2.60840682e-03, -3.21189081e-03,
       8.88802984e-04, 1.01716863e-02, 2.69141980e-02, 3.26910913e-02,
       3.09006101e-03, -1.18227005e-02, 7.47081498e-03, -8.97015707e-05,
       2.16238722e-02, 2.88867988e-02, -5.67925256e-03, 3.10759153e-02,
       3.29581350e-02, 1.01580303e-02, 7.30170775e-03, 3.90079692e-02,
       1.40265319e-02, 3.09504941e-03, -1.19182458e-02, -1.58272423e-02,
       -1.62256081e-02, 1.00521669e-02, -1.75834447e-03, 3.86983939e-02,
       1.25494869e-02, -2.56534363e-03, 5.77185443e-03, -9.08871926e-03,
       -6.43712282e-03, -1.79316830e-02, -7.63450749e-04,
       -2.33761827e-03, 1.70610789e-02, 1.09223211e-02, 4.85955877e-03,
       1.49616459e-02, -4.12723375e-03, 1.68463448e-03, 2.31362577e-03,
       5.53274527e-03, 1.33599155e-02, 1.99053902e-02, -1.78518294e-05,
       1.90769252e-03, 1.18485489e-03, 2.55924612e-02, -1.58011876e-02,
       2.19838079e-02, 1.25404131e-02, -1.18638938e-02, -3.34410183e-03,
       -5.91234257e-03, -7.30676856e-03, -5.17566595e-03,
       -1.70542747e-02, 1.56482868e-02, -2.05745529e-02, 1.09965482e-03,
       1.20845791e-02, -7.72149954e-03, 4.51037427e-03, -1.99280912e-03,
       -1.63939577e-02, -2.43665767e-03, 9.47470218e-03, -3.33745740e-02,
       7.94416200e-03, -3.71750025e-03, 1.81503780e-02, -2.09529735e-02,
       -1.46264937e-02, -9.36803233e-04, 2.56306529e-02, 8.56444798e-03,
       3.61179039e-02, 1.68376304e-02, -8.26371275e-03, -1.82493143e-02,
       -1.66286547e-02, -4.04655654e-03, -9.61844716e-03, 2.82652564e-02,
       -1.78801566e-02, 1.78553928e-02, -7.30315177e-03, -8.16941168e-03,
       -5.50532201e-03, 1.50529202e-02, -3.25258193e-03, -6.57505961e-03,
       -1.74681805e-02, 1.00967418e-02, -8.88782833e-03, 1.14514129e-02,
       1.30053721e-02, 2.63602752e-02, -1.09781129e-02, -2.06697099e-02,
       -1.21076694e-02, -2.52166316e-02, 3.69119504e-03, -8.09221715e-03,
       3.19531932e-03, -2.28979770e-05, 9.43526719e-03, -5.02939196e-03,
       1.35161902e-03, 4.72393073e-03, 2.62612700e-02, -8.98076780e-03,
       8.26770533e-03, -1.70099770e-03, 3.58013785e-04, 1.15516111e-02,
       -5.84569108e-03, -6.05043140e-04, 3.04432865e-03, 2.45654164e-03,
       -1.53635731e-02, 4.80214553e-03, -4.50073043e-03, -8.98748823e-03,
       1.85635022e-03, -4.30908147e-03, -6.09321985e-03, 8.80193431e-03,
       6.62963837e-03, 2.30254401e-02, -1.27706584e-02, 3.09087359e-03,
       7.12750992e-03, 2.47456934e-02, -8.07708781e-03, 9.32776276e-03,
       1.35306641e-02, -3.71430791e-03, 3.47526697e-03, -8.82334821e-03,
       8.65474530e-03, 3.78857856e-03, 1.11748148e-02, 3.86803108e-03,
       1.23232165e-02, -2.06352241e-04, 1.61393043e-02, 8.79544939e-04,
       1.03787973e-03, 5.05280821e-03, 2.09453143e-03, 3.20214243e-03,
       -3.50096524e-02, -2.22265546e-04, -1.39505807e-02, 7.92097580e-03,
       -1.22363139e-02, 1.08912410e-02, 1.75426714e-02, 3.55561817e-04,
       -2.22445671e-02, -1.05497893e-02, 9.40884557e-03, 2.38638595e-02,
       2.75791227e-03, 1.81798115e-02, 4.64410614e-03, 1.61002148e-02,
       -1.85002876e-03, -3.52855772e-04, -1.18844621e-02,
       -5.89579018e-03, -2.60824105e-04, 2.51733121e-02, 1.89443994e-02,
       1.75080746e-02, -1.55824318e-03, 4.75996232e-04, 6.70547830e-03,
       -3.14864852e-02, -1.05466293e-02, -2.65462277e-03, 3.17128678e-03,
       1.53492009e-02, 9.50341858e-03, 1.23565318e-02, -8.14248994e-03,
       -1.99352875e-02, -2.14573294e-02, -1.42238215e-02,
       -5.56558091e-03, 3.76443379e-02, 1.65784173e-02, 2.27484340e-03,
       -9.65804979e-03, -2.22528558e-02, -1.95452757e-02,
       -3.35364267e-02, -1.99592840e-02, -1.41993407e-02,
       -1.65183041e-02, 1.04079610e-02, -4.24939580e-03, 6.54083630e-03,
       -1.95754087e-03, -1.01046711e-02, -2.03277040e-02, 1.55283592e-03,
       1.97826214e-02, -3.01388279e-02, -1.82011239e-02, 2.39486480e-03,
       1.57374591e-02, 3.02892290e-02, 3.55581963e-03, -1.64149236e-02,
       -1.08433487e-02, -2.30079656e-03, -2.20609270e-03, 9.73780733e-03,
       -3.30613181e-02, -3.35116535e-02, -7.46030686e-03,
       -2.98826490e-02, -6.88399607e-03, 4.09295643e-03, -4.26023034e-03,
       -2.91339047e-02, 3.16826999e-03, 7.73775484e-03, -2.10581552e-02,
       -1.12525774e-02, -1.52331814e-02, -7.07925530e-03, 3.48097682e-02,
       4.58353125e-02, 1.63780320e-02, -2.17698328e-02, -1.27069270e-02,
       -1.10290619e-02, -7.71512836e-03, 5.87562448e-04, 1.20338681e-03,
       1.30513152e-02, 4.21156213e-02, 1.69478673e-02, -2.69170552e-02,
       -1.81287876e-03, 6.30167965e-03, 1.27103496e-02, -1.62342452e-02,
       -8.55230819e-03, 8.05424340e-03, 2.28938200e-02, 2.87297666e-02,
       -1.90144067e-03, -1.49308490e-02, 2.48069912e-02, 2.30862759e-02,
       -3.30806617e-03, -1.48439966e-02, 2.73483386e-03, 2.16587987e-02,
       1.07966326e-02, -2.07960960e-02, 9.17583238e-03, 3.20766717e-02,
       4.77381088e-02, -1.43566718e-02, 1.19198696e-03, 9.07876156e-03,
       4.73607040e-04, 1.20544189e-03, -3.51247601e-02, 6.16193097e-03,
       2.81422287e-02, 1.89333465e-02, 6.07500877e-03, -9.61579476e-03,
       8.54165852e-03, -1.23188216e-02, 9.00629151e-04, -1.86991610e-03,
       9.14108660e-03, 3.94350402e-02, -1.95555128e-02, -2.15837378e-02,
       4.03831387e-03, 1.78451166e-02, 6.23134244e-03, 1.00661097e-02,
       -2.22645830e-02, 1.38733722e-02, 3.88397798e-02, 3.11557893e-02,
       2.46361108e-03, -1.23031577e-03, 3.88564505e-02, 6.96818717e-03,
       1.87811982e-02, -7.42043415e-03, -2.42105331e-02, 2.29553208e-02,
       2.26974133e-02, -1.64751075e-02, 5.23666106e-03, 2.40653269e-02,
       2.74684597e-02, 2.21663825e-02, 1.17009096e-02, 2.20113695e-02,
       1.67061239e-02, -6.60249358e-03, -2.43364647e-02, 8.47319979e-03,
       1.07930470e-02, 2.20372714e-02, 3.17517295e-02, -3.02378982e-02,
       1.69926193e-02, 2.07447298e-02, 1.07875550e-02, 3.48924682e-03,
       -3.79717629e-03, 3.30595002e-02, 1.29728802e-02, 1.47794525e-03,
