%YAML:1.0
mex_id_type_c_back: !!opencv-object-detector-hog
   winSize: [ 128, 80 ]
   blockSize: [ 16, 16 ]
   blockStride: [ 8, 8 ]
   cellSize: [ 8, 8 ]
   nbins: 9
   derivAperture: 1
   winSigma: 4.
   histogramNormType: 0
   L2HysThreshold: 2.0000000000000001e-01
   gammaCorrection: 1
   nlevels: 64
   signedGradient: 0
   SVMDetector: [ -2.24528089e-02, -1.25943904e-03, 6.56539854e-03,
       2.46525998e-03, -2.20807455e-02, -1.20843842e-03, 1.31964986e-03,
       -1.18334005e-02, -4.77925502e-02, 1.47256805e-02, 5.04631223e-03,
       6.92752050e-03, -1.08995227e-05, -1.86985005e-02, -1.05489343e-02,
       8.75943433e-03, 8.05130810e-04, -6.79140957e-03, 4.49717604e-03,
       6.86347438e-03, 7.24898651e-03, 1.30047818e-04, 1.10514499e-02,
       1.47690205e-02, -1.26644364e-02, 1.86521895e-02, 1.52800803e-03,
       9.21705086e-03, 2.96749119e-02, -1.87008977e-02, -1.19696055e-02,
       -3.08781629e-03, -7.44646182e-03, 1.50616607e-03, 3.62190418e-02,
       8.62404145e-03, 2.09184531e-02, -3.21082538e-03, 1.42645426e-02,
       -3.09154205e-03, -3.25520597e-02, -9.23980027e-03, 2.25015305e-04,
       -1.13716554e-02, -5.24168881e-03, -7.55352760e-03,
       -2.19693519e-02, -7.71932025e-03, -1.78783026e-03, 5.48138516e-03,
       9.95267369e-03, -1.88979283e-02, -8.32183380e-03, -2.60006879e-02,
       1.24098053e-02, 2.44788714e-02, -8.93050991e-03, -3.00484104e-03,
       -5.02432026e-02, -2.01313980e-02, -2.47158743e-02, 2.11053640e-02,
       1.07608540e-02, -9.02110990e-03, -1.41379936e-02, -4.83040549e-02,
       1.96670461e-03, 9.51986015e-03, 2.38797651e-03, -2.86100227e-02,
       1.19162146e-02, -8.82431341e-04, 1.37579450e-02, -1.25150802e-02,
       1.22453440e-02, -5.82813658e-03, -1.55490953e-02, 1.65127614e-03,
       7.66244531e-03, 3.01435310e-03, -1.53466791e-03, 1.21075436e-02,
       -2.14866409e-03, 2.29992811e-02, -4.02295357e-03, -1.65154506e-02,
       -1.10994885e-02, 1.98412668e-02, 5.65168029e-03, 8.92797764e-03,
       1.91828478e-02, 3.13669327e-03, 2.93285656e-03, 1.22452648e-02,
       3.52889076e-02, 1.17310358e-03, -2.51346012e-03, 2.25606025e-03,
       2.87327450e-02, -1.17687229e-02, -1.57635286e-02, -1.45308394e-02,
       -1.95771959e-02, 1.05876615e-02, -2.97498852e-02, -1.38041573e-02,
       -7.87462573e-03, 1.04992958e-02, -3.89890186e-03, 9.58929828e-04,
       2.36180723e-02, 7.72417476e-03, -3.14042866e-02, -1.68752633e-02,
       2.41760463e-02, -2.24280339e-02, -7.13812839e-03, 2.06629513e-03,
       -5.17718215e-03, 1.84131674e-02, 8.18610657e-03, -2.72398386e-02,
       2.70969211e-03, 3.49906273e-02, -5.04889665e-03, 5.45525877e-03,
       1.08431950e-02, -1.60972066e-02, -5.79416519e-03, -9.80400201e-03,
       1.34444498e-02, -1.83542422e-03, 6.81004906e-03, -2.29171496e-02,
       1.77684762e-02, 1.79019687e-03, -3.89193464e-03, 6.20372407e-03,
       -3.15619484e-02, -4.89996374e-03, -2.61703525e-02,
       -4.18021064e-03, -2.33306978e-02, 9.21088085e-03, 2.47403588e-02,
       7.26205995e-03, 2.88949255e-02, 2.55608582e-03, -3.77670489e-02,
       9.48039629e-03, 3.47655974e-02, 1.61721138e-03, 5.97941270e-03,
       2.53848583e-02, -1.72738237e-05, 4.51318081e-03, -8.79916176e-03,
       -2.42756158e-02, -1.15935516e-03, 1.54023087e-02, -2.68001296e-02,
       -2.93842028e-03, 1.85353570e-02, 6.18663209e-04, 1.35987541e-02,
       -2.42950991e-02, 1.56162353e-02, -2.26744264e-02, 9.99963749e-03,
       -8.17665085e-03, 3.15431021e-02, -2.06125737e-03, -5.19887824e-03,
       -6.05186156e-04, -2.20312551e-02, 1.30417095e-02, -1.22849997e-02,
       1.65311564e-02, -2.11632308e-02, -3.20655992e-03, 9.59954225e-03,
       -1.07216844e-02, 2.53999396e-03, -1.37456926e-02, -7.28763407e-03,
       1.29920272e-02, 9.33603384e-03, -8.85957293e-03, 5.81081584e-03,
       -1.80191547e-02, -1.16088372e-02, 1.91078950e-02, 1.95929478e-03,
       -9.18076374e-03, 9.44903027e-03, 3.24923955e-02, -2.57326965e-03,
       2.11234530e-03, 8.75136070e-03, -3.62124071e-02, -6.57151453e-03,
       -1.89938564e-02, 6.66933786e-03, 4.69392585e-03, -1.55800683e-02,
       -1.54187139e-02, 1.28741330e-02, -6.80154515e-03, -2.65652668e-02,
       1.03692031e-02, -7.92632438e-03, 2.66862530e-02, -6.09726040e-03,
       1.68386642e-02, -1.31199425e-02, 6.78344583e-03, -1.73370559e-02,
       -7.33768567e-04, 2.98647452e-02, 1.90505516e-02, -1.59411877e-02,
       -2.63655884e-03, 2.92657968e-02, -1.91061944e-02, -4.49633459e-03,
       -9.86137800e-03, -1.33678019e-02, -6.12120284e-03, 7.43877003e-03,
       -2.40189768e-02, -6.54829713e-03, 1.71268061e-02, -8.96775536e-03,
       8.60412326e-03, 2.77826861e-02, -1.78618729e-02, 7.29582319e-03,
       -1.83946043e-02, 3.37555516e-03, 2.24596733e-04, 3.63073833e-02,
       1.04099456e-02, 4.23350297e-02, 3.20360325e-02, 2.89301132e-03,
       1.68743934e-02, -2.64742430e-02, -3.67596257e-03, -2.56693698e-02,
       -8.73970799e-03, -4.73794388e-03, 3.28032896e-02, 2.10294724e-02,
       1.61876604e-02, 1.78072846e-03, 2.29368955e-02, -9.76635516e-03,
       -1.39758526e-03, 2.26958171e-02, 1.74566600e-02, 4.45062257e-02,
       2.15255916e-02, 3.95279145e-03, -2.89987400e-03, 9.46231466e-03,
       -2.20761690e-02, 3.56151420e-03, 2.64247358e-02, 1.77532565e-02,
       2.41283514e-02, 2.54315455e-02, 2.40137633e-02, 1.37050990e-02,
       7.25858845e-03, 1.37669733e-02, 2.77197082e-02, -1.27208773e-02,
       1.90038688e-03, 2.48642452e-02, 1.91247817e-02, -9.21735447e-03,
       -1.78213138e-02, -1.25643956e-02, -4.26876219e-03,
       -1.42637780e-03, -8.97198543e-03, 7.53231859e-03, -7.04327878e-03,
       1.87703278e-02, -1.04815317e-02, 1.71569288e-02, 1.62613615e-02,
       2.83523300e-03, 1.12771783e-02, 2.39761397e-02, 6.39045984e-03,
       3.89742223e-03, -9.21504572e-03, -1.65050197e-02, 1.08778216e-02,
       -3.10607982e-04, 2.07091495e-03, 4.12830375e-02, 2.80017145e-02,
       1.66434813e-02, -1.47025445e-02, 2.60785688e-02, -1.09984744e-02,
       -4.23270557e-03, 1.68730672e-02, -5.89613104e-03, -8.50319862e-03,
       -1.80953369e-02, -1.70473754e-03, -3.87739157e-03, 8.71827826e-03,
       1.15747740e-02, -7.48813758e-03, -1.18554858e-02, -3.34243663e-03,
       -3.59819923e-03, 3.66175926e-04, 3.39884572e-02, 4.58845310e-03,
       -1.28155295e-02, -1.73313990e-02, -8.26667435e-03,
       -6.30737469e-03, 2.40395945e-02, 5.30405855e-03, -5.01378346e-03,
       6.06611720e-04, -2.82005351e-02, 3.84249985e-02, 7.85372127e-03,
       -2.09305901e-02, 1.87892327e-03, -1.64240692e-02, 1.49690849e-03,
       -1.01332562e-02, 3.29117812e-02, 1.76117271e-02, -1.94784049e-02,
       -3.09954211e-03, -1.28314719e-02, -9.63920075e-03,
       -1.17575228e-02, 1.36018740e-02, -6.22341735e-03, 3.81646934e-03,
       -2.33167727e-02, -1.36676235e-02, 1.33413654e-02, -1.27327750e-02,
       5.64142596e-03, -1.87731069e-02, -2.17094757e-02, -1.39459604e-02,
       7.91648962e-03, -1.97894052e-02, 8.30982346e-03, 2.28931080e-03,
       -1.59148350e-02, 9.78058204e-03, -4.69410755e-02, -1.28102573e-02,
       -4.78640432e-03, 2.30744202e-02, 5.00818156e-03, -2.83088535e-03,
       -3.33810016e-03, -2.62697544e-02, -1.08397566e-02, 3.46847903e-03,
       -1.72919445e-02, -2.56264564e-02, 1.79852303e-02, 1.06104640e-02,
       -8.07244144e-03, 1.84440911e-02, 1.53291994e-03, 2.45328154e-03,
       -3.96140143e-02, -8.27701949e-03, 1.69544446e-03, 5.25141787e-03,
       -1.12391799e-03, -2.70134825e-02, 3.12139746e-03, -1.25348624e-02,
       -3.02422680e-02, 1.31850140e-02, -2.32477710e-02, -3.45612466e-02,
       -1.23843960e-02, -3.44644412e-02, 4.64231102e-03, 1.22849895e-02,
       2.41030846e-02, 2.58995825e-03, 2.73546968e-02, -1.12031437e-02,
       -1.94783811e-03, 2.59047188e-02, 1.26653817e-02, -1.36309098e-02,
       -4.67546796e-03, 2.56511662e-02, 4.84868931e-03, 5.71424216e-02,
       2.86091934e-03, 1.84273645e-02, 2.82175038e-02, 1.69480667e-02,
       1.83760133e-02, 2.76341084e-02, 1.75973922e-02, 1.30335509e-03,
